   1  0.0844  0.5031  6.2900
   2  0.0889 -5.7075  4.6100
   3  0.1289 -2.5489  6.4300
   4  0.1367 -2.4478  6.0700
   5  0.1719 -5.2486  5.8400
   6  0.2410 -7.7806  5.1200
   7  0.2966  1.6889  6.1700
   8  0.3116 -8.0528  6.4600
   9  0.4083 -2.2192  6.0700
  10  0.4234  1.9397  5.7700
  11  0.4437  0.0497  6.1900
  12  0.5007 -3.9572  5.7200
  13  0.5399  6.9556  5.6700
  14  0.5875 -3.5928  5.2000
  15  0.5924  0.5056  5.9300
  16  0.6251  3.1353  6.3900
  17  0.6784 -4.3519  5.9100
  18  0.7567 -4.6292  6.1500
  19  0.7899  6.7408  5.9900
  20  0.8048  7.3000  5.9300
  21  0.8064  5.2806  5.7500
  22  0.8114  7.5850  4.4300
  23  0.8551  3.3850  6.3700
  24  0.8835 -1.1442  4.7700
  25  0.9284 -7.3472  5.8500
  26  0.9971  6.4831  6.1100
  27  1.0491  7.8900  4.2800
  28  1.0507 -4.8367  5.4300
  29  1.0636  1.3667  6.0400
  30  1.0813  5.6564  6.0000
  31  1.0970  4.9083  6.3500
  32  1.0976  4.9094  7.2500
  33  1.1395  5.6497  5.5200
  34  1.1760  2.4456  5.9500
  35  1.1954 -2.2511  5.9400
  36  1.2289  7.5753  5.2400
  37  1.2293  7.5783  6.3000
  38  1.2400 -7.9231  5.1300
  39  1.2451  6.9953  6.0300
  40  1.2470  0.9739  5.7000
  41  1.2767 -2.5003  5.4100
  42  1.2967  3.6144  5.1600
  43  1.3301  0.5089  5.8700
  44  1.3429 -3.2469  6.2300
  45  1.3769  1.7264  6.2000
  46  1.3763  0.4497  6.4900
  47  1.4007 -8.0075  6.2100
  48  1.4057 -6.9147  5.9100
  49  1.4135 -2.8486  6.1500
  50  1.4409  0.3986  6.4100
  51  1.4482  3.5353  6.5800
  52  1.4730  7.9614  6.2000
  53  1.5031  6.1439  4.8400
  54  1.5619 -7.0253  5.7600
  55  1.6905  5.4875  4.4400
  56  1.7121 -3.6903  4.9900
  57  1.7319 -4.7656  6.1900
  58  1.7665 -5.7333  5.3400
  59  1.8072  3.6856  5.9100
  60  1.8926  3.1875  4.6200
  61  1.9316  1.8497  6.0100
  62  2.0026  3.0972  5.8800
  63  2.0341  2.7636  5.2300
  64  2.0341  2.7636  4.3300
  65  2.0532  0.1283  5.4300
  66  2.0634  0.3403  5.9300
  67  2.0612 -4.1036  5.6200
  68  2.1081  0.0350  6.2800
  69  2.1933 -1.8253  5.9300
  70  2.2132 -2.3936  5.5400
  71  2.2831 -6.4222  5.5100
  72  2.3004  1.7578  5.5800
  73  2.3224 -2.9775  3.0400
  74  2.3280 -4.3456  6.5000
  75  2.3657  0.3958  5.2800
  76  2.3701  0.8850  5.4200
  77  2.4162 -2.7800  6.3300
  78  2.4667  1.9608  6.4500
  79  2.5126  0.2553  6.0000
  80  2.5250  2.2672  5.2500
  81  2.5359 -1.0350  5.3500
  82  2.5845  7.4714  6.1800
  83  2.5785 -7.8594  5.7500
  84  2.6014  6.8869  5.8200
  85  2.5979  5.5933  4.8600
  86  2.6000 -7.8317  5.5300
  87  2.6098  7.7297  5.8100
  88  2.6336  7.6953  6.3900
  89  2.6283 -3.3961  5.6500
  90  2.6436  3.4431  6.2100
  91  2.6581  0.3286  4.0700
  92  2.6710  6.1119  6.2500
  93  2.6872  0.6958  5.7100
  94  2.6968 -3.2133  6.0500
  95  2.7217  3.2358  3.4700
  96  2.7558  4.7117  6.0300
  97  2.9437 -3.7122  5.1700
  98  2.9513  4.5011  6.1100
  99  2.9783 -2.7825  5.2300
 100  2.9948 -2.4650  5.5600
 101  3.0142 -2.8786  6.1100
 102  3.0194 -7.6628  5.7500
 103  3.0312  5.3361  6.2500
 104  3.0396  4.3528  5.6100
 105  3.0380  4.0897  2.5300
 106  3.0359 -6.4947  6.1900
 107  3.0451 -7.6853  5.3200
 108  3.0712 -7.6008  5.2600
 109  3.0773  1.8636  6.0500
 110  3.1093 -6.0886  5.2700
 111  3.1886 -3.8117  6.0500
 112  3.2073  6.6608  5.5600
 113  3.2129 -1.1961  5.0600
 114  3.2669 -5.9186  6.1700
 115  3.3062  0.9303  5.3800
 116  3.3227  3.3703  4.8300
 117  3.3519  3.6756  5.6900
 118  3.3942  4.8819  6.3800
 119  3.3883 -7.7942  6.2000
 120  3.4942 -6.8050  5.9900
 121  3.5126  6.1886  5.9400
 122  3.5103 -5.0753  4.7300
 123  3.5803  6.4178  6.4900
 124  3.6131  0.5878  5.7100
 125  3.6146  0.4017  4.2800
 126  3.6414 -7.3917  5.8500
 127  3.6503 -5.6261  5.9600
 128  3.6642  3.0569  5.5700
 129  3.6606 -3.3931  6.2300
 130  3.6665 -1.1206  6.1200
 131  3.6773 -5.2106  5.5300
 132  3.7418 -1.1631  5.2500
 133  3.7490  0.2967  5.5500
 134  3.7612  6.0500  5.3500
 135  3.7693  6.8031  5.9100
 136  3.8108  0.2278  5.9100
 137  3.8667  6.5347  5.6700
 138  3.8782 -5.3614  5.4800
 139  3.9048 -2.9528  6.1400
 140  3.9049 -2.9547  4.7900
 141  3.9505  6.0400  6.0900
 142  3.9812 -5.4700  5.8300
 143  4.0256 -1.5497  5.2800
 144  4.0435  0.2689  5.3800
 145  4.0526  5.9892  3.9100
 146  4.0624  5.4356  5.3300
 147  4.0694  2.8269  5.3600
 148  4.1729 -6.9239  5.4400
 149  4.1890  5.5231  5.7200
 150  4.1978 -6.8375  4.0400
 151  4.2259  7.7161  5.2900
 152  4.2273 -1.1497  6.4400
 153  4.2572  6.1997  6.9300
 154  4.2581  6.1867  6.3100
 155  4.2545 -7.6528  4.4300
 156  4.2887 -6.4719  5.9400
 157  4.3448  6.1308  5.7700
 158  4.3441 -6.2456  6.2700
 159  4.3452 -7.5925  5.8500
 160  4.3575  0.0981  5.8600
 161  4.3947 -3.7456  5.1700
 162  4.4502  2.0794  6.2300
 163  4.4677  1.8586  6.1500
 164  4.4756  1.3808  5.5500
 165  4.5347  5.4100  6.3900
 166  4.5313  0.0439  4.9100
 167  4.5437 -3.2092  5.8100
 168  4.5690  5.5686  5.6800
 169  4.5652 -6.7389  5.7200
 170  4.5706 -6.8378  6.0900
 171  4.6004 -3.6119  6.3300
 172  4.6053 -3.3525  3.9300
 173  4.6205  0.9983  5.3100
 174  4.6267 -2.4733  5.2300
 175  4.6517  7.8708  5.3900
 176  4.6631 -1.0528  6.1000
 177  4.7584 -3.2547  4.0200
 178  4.7734 -2.9544  6.3300
 179  4.8124  3.5883  6.0300
 180  4.8101 -5.6739  5.7800
 181  4.8307  6.9614  3.1900
 182  4.8534  5.6050  3.6900
 183  4.8816 -5.4528  4.3900
 184  4.8897  2.5081  5.3300
 185  4.8988  1.5694  6.6100
 186  4.9042  2.4406  3.7200
 187  4.9133  7.7792  5.3300
 188  4.9141  0.4675  5.9900
 189  4.9329  5.3992  6.5000
 190  4.9401 -5.1714  5.5100
 191  4.9548 -1.0672  6.2300
 192  4.9697 -2.2125  6.3500
 193  4.9758  1.7142  4.4700
 194  5.0091  3.6153  7.0300
 195  5.0094  3.6161  6.6600
 196  5.0111 -2.0656  6.3200
 197  5.0136 -5.7533  6.2200
 198  5.0240 -7.1739  4.8100
 199  5.0306  0.7222  5.9200
 200  5.0333  1.6089  6.2400
 201  5.0460 -4.2097  5.8500
 202  5.0818 -3.0397  6.0500
 203  5.0899  1.1775  6.1700
 204  5.1127 -4.6550  5.1200
 205  5.1308 -5.0864  2.7900
 206  5.1454 -4.4561  5.1200
 207  5.1676  0.5653  6.1000
 208  5.1828 -2.2539  6.2500
 209  5.1887 -2.4908  5.9000
 210  5.1948  0.5147  6.6700
 211  5.1959  1.0369  5.8900
 212  5.2134 -6.0572  5.9100
 213  5.2215  2.8611  4.4600
 214  5.2254  1.9681  6.0900
 215  5.2298  0.5603  6.3200
 216  5.2456  5.1561  5.5000
 217  5.2551 -1.4092  6.1500
 218  5.2781  1.9472  6.4200
 219  5.2934 -6.8444  3.6000
 220  5.3198  2.5958  5.3400
 221  5.3264 -1.4122  6.3400
 222  5.3407 -5.3667  6.3900
 223  5.3554  4.0119  6.5700
 224  5.3588  0.4164  5.6800
 225  5.3627  0.3825  4.7300
 226  5.3806  3.5444  5.0000
 227  5.3920  5.3225  6.3500
 228  5.3951  0.1597  5.7000
 229  5.3976  0.8672  6.1100
 230  5.3991 -7.8081  4.1400
 231  5.4101  2.3528  6.3200
 232  5.4080  0.8914  5.0800
 233  5.4079 -2.3969  3.3600
 234  5.4124  1.8464  4.9500
 235  5.4189  6.3497  1.6400
 236  5.4253  0.5442  6.5700
 237  5.4297  0.5208  6.1600
 238  5.4340 -5.5183  6.2300
 239  5.4441  6.8692  6.4200
 240  5.4473  3.0956  4.5900
 241  5.4671  1.2983  6.4100
 242  5.4824 -3.3075  6.3900
 243  5.4899 -3.4464  5.7900
 244  5.4986  1.7892  5.7800
 245  5.4956 -1.0922  4.7100
 246  5.5055  4.2042  6.2100
 247  5.5131  5.9481  4.2000
 248  5.5057 -7.4347  6.3300
 249  5.5207  3.2922  5.4600
 250  5.5225 -6.7083  6.2200
 251  5.5335  0.2844  6.8500
 252  5.5334  0.2992  2.2300
 253  5.5322 -7.3014  4.6200
 254  5.5448 -1.5919  5.3500
 255  5.5520 -1.7183  6.4600
 256  5.5587 -1.1561  5.3400
 257  5.5660  1.4078  6.5900
 258  5.5713  3.7669  5.3600
 259  5.5678 -1.0356  6.2200
 260  5.5678 -1.4706  5.9300
 261  5.5836 -6.0092  5.6700
 262  5.5841 -6.0019  4.7800
 263  5.5894 -4.4933  6.5600
 264  5.5896 -4.4253  6.2400
 265  5.5898 -4.8383  4.5900
 266  5.5877 -5.3872  6.7300
 267  5.5878 -5.3853  7.9600
 268  5.5879 -5.3897  5.1300
 269  5.5881 -5.3878  6.7000
 270  5.5897 -5.4161  5.0800
 271  5.5920 -4.3647  6.3800
 272  5.5906 -5.9100  2.7700
 273  5.5933 -3.2528  6.4000
 274  5.5943 -4.8558  5.2600
 275  5.6036 -1.2019  1.7000
 276  5.6042 -5.6481  6.5400
 277  5.6099 -6.0650  5.7200
 278  5.6243 -5.9383  6.0500
 279  5.6336  7.5414  5.8800
 280  5.6315 -4.8136  6.1900
 281  5.6458 -2.6000  3.8100
 282  5.6464 -2.5942  6.6500
 283  5.6438 -6.5739  5.9600
 284  5.6531  4.1214  4.5700
 285  5.6481 -7.2131  4.8000
 286  5.6587 -3.5647  6.0000
 287  5.6793 -1.9428  2.0500
 288  5.6793 -1.9428  4.2100
 289  5.6770 -2.8250  6.2200
 290  5.6807 -1.1289  4.9500
 291  5.6849  0.3378  5.9300
 292  5.6945 -2.8961  6.4200
 293  5.7079  1.4747  4.9100
 294  5.7149 -6.7961  6.0200
 295  5.7192 -1.6131  6.3100
 296  5.7505  4.0081  6.0900
 297  5.7674 -4.2683  6.3400
 298  5.7764  1.1681  5.9500
 299  5.8001  6.4542  5.2700
 300  5.8097 -4.0947  5.9700
 301  5.8370  4.4233  5.9700
 302  5.8417  2.0244  5.9800
 303  5.8561 -7.5181  5.3500
 304  5.8740  1.8550  4.7800
 305  5.9044  3.2253  6.3100
 306  5.9123  0.9683  6.0000
 307  5.9096 -4.0639  6.5700
 308  5.9195  7.4069  0.5000
 309  5.9251 -4.6164  5.8700
 310  5.9265 -4.7883  6.2800
 311  5.9651  1.2244  6.2200
 312  5.9699  0.9942  6.2200
 313  5.9734  1.8369  5.9000
 314  5.9804  0.5531  5.2200
 315  5.9938 -1.4444  6.6300
 316  6.0009 -3.0742  4.5300
 317  6.0381  1.6944  6.5900
 318  6.0704 -6.7092  5.2100
 319  6.0828  5.4200  5.6700
 320  6.0829  4.1586  5.6300
 321  6.1107 -4.1939  5.3800
 322  6.1494  2.4994  5.7300
 323  6.1601 -5.7111  6.1700
 324  6.1837 -6.7542  6.1500
 325  6.1955 -4.6656  6.1800
 326  6.1977 -6.5503  5.0500
 327  6.2123 -2.5044  6.6200
 328  6.2317 -3.7414  5.8300
 329  6.2435 -4.5683  5.8300
 330  6.2476 -6.2747  3.9800
 331  6.2611  6.0661  6.0700
 332  6.2631  4.2836  6.6400
 333  6.2595  0.5122  5.6500
 334  6.2583 -4.9153  5.9900
 335  6.2650  1.1692  6.3700
 336  6.2726  1.0803  6.6300
 337  6.2829  7.0531  6.5700
 338  6.2878  5.1003  5.7100
 339  6.3286 -7.8231  5.2700
 340  6.3332 -2.9444  4.9000
 341  6.3572  2.2686  6.3100
 342  6.3885  3.7644  6.4000
 343  6.3896 -4.6872  6.6700
 344  6.3961  4.5928  4.4400
 345  6.3963  4.5956  6.7200
 346  6.4203  7.0858  5.9800
 347  6.4218  1.5011  6.6600
 348  6.4212  0.9461  5.8700
 349  6.4296  2.2722  6.5100
 350  6.4298 -3.8892  6.3500
 351  6.4330 -7.8942  6.4000
 352  6.4443 -1.5072  5.8700
 353  6.4429 -4.5972  6.1500
 354  6.4496  0.8408  6.7100
 355  6.4458 -7.5114  6.2700
 356  6.4557  2.9081  5.5500
 357  6.4538  0.2992  5.2000
 358  6.4543  0.2761  5.5500
 359  6.4660 -4.7622  5.0600
 360  6.4713  1.9122  6.4800
 361  6.4875  2.6461  6.1600
 362  6.4803 -7.0328  4.6000
 363  6.4804 -7.0344  5.4000
 364  6.4804 -7.0344  5.6000
 365  6.5387  4.8558  5.8400
 366  6.5484  7.3331  4.5000
 367  6.5397 -5.8689  5.6000
 368  6.5605 -1.2203  5.1000
 369  6.5796  7.5725  6.4500
 370  6.5877  0.8900  5.8000
 371  6.6000  4.4975  6.5500
 372  6.6098 -5.2111  5.5200
 373  6.6234  6.1353  6.0600
 374  6.6279  2.7042  6.1700
 375  6.6313  4.9572  6.1500
 376  6.6390 -2.5436  6.1400
 377  6.6471  4.7006  6.5700
 378  6.6439  1.6136  6.2100
 379  6.6755  6.3717  6.5100
 380  6.6848  0.4953  5.7900
 381  6.6998  6.3450  6.3700
 382  6.7185  3.0333  6.1900
 383  6.7274  3.9322  5.9000
 384  6.7888  8.0372  4.7700
 385  6.7977  2.4122  4.4700
 386  6.8053 -1.3192  5.7500
 387  6.8177  1.0019  6.1500
 388  6.8212 -2.2719  5.7400
 389  6.8472  0.5408  5.7700
 390  6.8451 -8.0411  6.2900
 391  6.8609  3.0417  6.3800
 392  6.8730 -5.3161  6.3000
 393  6.9024 -5.8525  6.4100
 394  6.9068 -1.1269  5.4500
 395  6.9117 -1.7564  6.2100
 396  6.9163 -2.8036  6.0400
 397  6.9775  7.6219  6.2700
 398  6.9825  3.6022  5.9700
 399  6.9889  7.3169  6.3500
 400  7.0050 -5.3669  6.3000
 401  7.0282  4.8181  6.6300
 402  7.0319  5.5575  6.5900
 403  7.0314 -1.3456  6.1700
 404  7.0323 -5.7222  5.2000
 405  7.0486 -4.2392  4.9900
 406  7.0723  1.4883  6.5700
 407  7.0681 -5.3236  5.6200
 408  7.1184  4.9103  6.1100
 409  7.1304  7.4711  5.7500
 410  7.1705 -4.2372  4.9200
 411  7.1899  0.3019  5.4500
 412  7.1976  5.6547  6.0900
 413  7.2021  5.4747  6.1600
 414  7.1978  0.4928  4.1500
 415  7.2389  3.1114  5.3500
 416  7.2364 -3.9014  5.7500
 417  7.2554  0.1614  6.4100
 418  7.2609  7.9778  5.8200
 419  7.2883  6.6806  6.6500
 420  7.2921 -6.6800  6.2900
 421  7.3229  2.7406  5.8900
 422  7.3299  7.1428  5.9100
 423  7.3676  0.1772  5.9900
 424  7.3718 -2.9789  6.2300
 425  7.3737 -5.9828  5.8200
 426  7.4308 -5.7750  5.9700
 427  7.4343 -4.5375  6.7600
 428  7.4672  6.9419  5.2500
 429  7.4885 -1.9053  5.5900
 430  7.4905 -7.5511  5.8600
 431  7.5142 -5.2264  6.2400
 432  7.5350  1.9144  5.2500
 433  7.5532  3.2903  5.5900
 434  7.5711  3.3714  5.8100
 435  7.5794  2.7250  6.5500
 436  7.6096  5.8617  5.9100
 437  7.6213 -4.1111  5.1300
 438  7.6550  5.2250  0.3800
 439  7.6686  5.2308  6.0200
 440  7.6931  3.6247  5.9400
 441  7.7182  0.1894  6.1900
 442  7.7354  2.4050  6.4700
 443  7.7673 -6.7725  5.4900
 444  7.8164  4.3328  6.5300
 445  7.8465  3.2772  6.1800
 446  7.8617  1.7669  5.1400
 447  7.8687  3.2772  6.3100
 448  7.8800 -5.4281  5.7600
 449  7.9400  4.4858  6.1700
 450  7.9545  1.1269  6.3500
 451  7.9683  7.2136  6.4100
 452  7.9724  2.2247  5.2900
 453  7.9956 -3.6797  4.9300
 454  8.0122 -2.8817  6.5100
 455  8.0205  4.8797  5.6500
 456  8.0204 -1.3925  4.6800
 457  8.0377  2.3344  4.3900
 458  8.0406 -6.3372  6.3300
 459  8.0971  0.5736  6.4100
 460  8.1432 -2.9839  4.3400
 461  8.1925 -7.7725  5.3600
 462  8.3305  3.9478  6.0500
 463  8.3370  0.9094  6.1800
 464  8.3381 -5.3292  6.1300
 465  8.3556 -1.6022  6.5000
 466  8.3751 -6.1792  6.1500
 467  8.3817 -7.5433  5.9600
 468  8.4101 -4.7169  6.0100
 469  8.4097 -3.7511  5.6100
 470  8.4265  2.1022  5.7300
 471  8.4319  7.5644  5.1300
 472  8.4277 -3.9064  3.9000
 473  8.4409 -3.9875  5.5900
 474  8.4548 -6.4097  6.5900
 475  8.4748 -2.5172  6.3900
 476  8.5621  4.7567  5.8700
 477  8.5671 -2.1517  5.8100
 478  8.5903  2.7436  6.3300
 479  8.5975  6.6200  5.9900
 480  8.5976  6.6225  7.2500
 481  8.5912 -7.9822  5.7200
 482  8.6276  5.7036  4.1600
 483  8.6242 -4.9336  6.1900
 484  8.6390 -6.6625  6.5100
 485  8.6459  3.3414  4.4400
 486  8.6568  8.0172  6.4500
 487  8.7204  3.3986  4.3000
 488  8.7332  4.3347  6.3700
 489  8.7279 -7.2336  4.6200
 490  8.7504  5.6806  6.1300
 491  8.7558 -2.6008  6.4100
 492  8.7674 -2.0489  5.7000
 493  8.7796  6.4189  3.3800
 494  8.7875 -1.8972  5.2900
 495  8.8072  5.8378  4.3600
 496  8.8014 -6.5586  6.0900
 497  8.8227 -3.4431  5.3100
 498  8.8596 -7.1772  5.5400
 499  8.8734  5.3400  6.3300
 500  8.9050 -5.4344  6.0000
 501  8.9232  5.9456  3.1100
 502  8.9249 -7.9703  6.9100
 503  8.9249 -7.9711  6.6700
 504  8.9436  4.2367  6.1400
 505  8.9689  1.5417  6.5900
 506  9.0254  5.6408  6.0700
 507  9.0328  0.4828  5.6700
 508  9.0458  7.2981  5.8500
 509  9.0996  5.0922  4.9700
 510  9.1166  1.4628  6.1700
 511  9.1988  5.4683  6.3500
 512  9.2036  3.8672  6.1400
 513  9.2072 -7.1097  6.1100
 514  9.2394  2.3142  3.8800
 515  9.2783 -6.3531  5.2400
 516  9.4233 -5.1175  5.5900
 517  9.4395 -1.4639  6.0100
 518  9.4630 -6.0711  5.3800
 519  9.4839 -1.2569  6.2700
 520  9.4858 -2.7689  4.6000
 521  9.4901 -2.2053  6.1400
 522  9.4923 -4.2472  6.2600
 523  9.5330 -1.1850  4.5700
 524  9.5448  1.8642  6.1100
 525  9.5556 -7.1900  6.2400
 526  9.5757 -5.9150  5.5600
 527  9.6202  6.8358  5.0000
 528  9.6409  4.6492  4.6800
 529  9.6643 -1.1428  3.9100
 530  9.7694  6.7086  5.7900
 531  9.7732  1.7856  5.6500
 532  9.8417  4.3436  6.2400
 533  9.8539 -4.2433  6.0100
 534  9.8560 -6.1817  6.4200
 535  9.8701  2.4542  6.0200
 536  9.8700  0.0756  6.3500
 537  9.8751 -8.1050  5.0500
 538  9.8952  5.9583  5.9500
 539  9.9953  3.3847  6.7000
 540 10.0036  8.0442  4.7000
 541 10.0690  3.2011  6.4500
 542 10.1132  5.6114  6.2100
 543 10.1323  0.3717  4.4900
 544 10.1883 -7.3167  6.2500
 545 10.2134  4.6147  5.7700
 546 10.2938 -8.0689  5.2400
 547 10.3256 -5.1058  6.3700
 548 10.3506  2.2897  6.6600
 549 10.3834  6.5425  6.0700
 550 10.3874  5.6942  6.5400
 551 10.3907 -4.0742  5.9700
 552 10.4036  2.3681  6.3200
 553 10.4290 -7.0597  5.5700
 554 10.4789 -3.7425  6.0500
 555 10.4913 -2.7392  5.2100
 556 10.5049  0.6369  5.0900
 557 10.5163 -7.6375  6.2000
 558 10.5800  6.9536  5.0800
 559 10.6901 -1.7417  6.2600
 560 10.7225  4.7478  5.7900
 561 10.7526  2.4881  6.2800
 562 10.7683  6.3731  6.3700
 563 10.8113 -1.9589  5.9300
 564 10.8215 -4.0242  6.6100
 565 10.8515 -3.0925  5.9500
 566 10.8705  1.0253  6.3800
 567 10.8767  0.2014  6.3100
 568 10.8902 -2.2553  6.1200
 569 10.8955 -2.1292  5.4500
 570 10.9284  0.7369  5.9100
 571 10.9337  6.1853  5.8100
 572 11.0093  3.6175  4.8400
 573 11.0124  6.1014  4.9900
 574 11.0305 -2.4847  4.7400
 575 11.0541  0.7525  6.1400
 576 11.0602  0.0008  5.9500
 577 11.0836  7.3361  4.6300
 578 11.1151  1.9556  5.5200
 579 11.2293  0.0697  5.4200
 580 11.2338  8.0606  5.7900
 581 11.2777 -3.6517  4.4700
 582 11.2828 -7.1347  6.1400
 583 11.2882  2.0106  5.1800
 584 11.3153  1.6506  5.9100
 585 11.3523  6.0294  4.0500
 586 11.3883  0.1317  6.0500
 587 11.4006  1.4078  5.3900
 588 11.4306  3.8600  6.3700
 589 11.4459  3.0131  6.5000
 590 11.4656  2.8561  4.9500
 591 11.4649 -1.7000  6.2500
 592 11.5053 -3.0036  4.7700
 593 11.5465 -7.8275  5.9500
 594 11.5728  3.0600  5.7700
 595 11.6158  0.8239  4.3000
 596 11.6400 -2.4361  6.2200
 597 11.7320 -6.6772  6.0700
 598 11.7643  6.5294  4.0300
 599 11.8170  0.3186  6.1500
 600 11.8449  1.7647  3.6100
 601 11.8506 -5.3333  5.6400
 602 11.8973  0.5519  6.3000
 603 11.9843  0.5306  6.1700
 604 11.9991  3.6553  5.3700
 605 12.0146  6.6142  4.6600
 606 12.0172 -1.7681  6.3100
 607 12.0477 -7.6836  6.2200
 608 12.0999 -3.1317  6.3700
 609 12.1615  1.8978  5.9500
 610 12.1676  5.8069  5.7200
 611 12.3025 -3.9544  6.9900
 612 12.3027 -3.9486  6.5400
 613 12.3112  0.7872  5.9000
 614 12.3318  0.6669  3.8900
 615 12.3392  3.3125  4.9600
 616 12.3756  5.3056  6.4000
 617 12.4643 -4.6153  6.2200
 618 12.5226  7.6042  6.0500
 619 12.5274 -5.0525  6.1900
 620 12.6132 -5.8319  5.8700
 621 12.6346  3.2825  6.3300
 622 12.6396  1.8547  5.7100
 623 12.6417  6.9883  7.0800
 624 12.6541 -7.9956  4.6600
 625 12.6943 -1.4494  3.6500
 626 12.6943 -1.4494  3.6800
 627 12.6992  6.8067  5.5900
 628 12.7272 -1.5769  5.9300
 629 12.7603  7.6733  5.2200
 630 12.7840  5.9508  6.3400
 631 12.7926 -6.3019  6.2600
 632 12.7976  3.5728  6.4100
 633 12.8602  3.0567  6.0200
 634 12.8864 -3.5531  6.1100
 635 12.8939 -4.2239  6.4400
 636 12.9267  3.3975  3.3800
 637 12.9943 -3.8119  5.7900
 638 13.0100 -3.3686  5.9900
 639 13.0651 -3.6633  6.5900
 640 13.1658 -5.5389  4.3800
 641 13.2738 -1.3906  6.6800
 642 13.2916  0.6767  6.3700
 643 13.2934  5.4697  4.8000
 644 13.3142  3.6878  6.6200
 645 13.3449  2.9417  6.2600
 646 13.3616  2.0872  5.6900
 647 13.3694  5.1547  5.8700
 648 13.3886 -4.9244  5.8900
 649 13.4092 -5.1639  5.7500
 650 13.4365 -1.1925  5.9700
 651 13.4875 -1.3644  6.4300
 652 13.5000  7.1789  6.1700
 653 13.4993  6.0133  6.5100
 654 13.5071 -6.4703  6.0900
 655 13.5328 -6.2558  4.6900
 656 13.5502 -7.1950  6.6800
 657 13.5689  3.6589  4.9400
 658 13.5782  0.5958  3.3700
 659 13.5920 -5.3961  5.7300
 660 13.7177  3.5381  5.3600
 661 13.7317 -5.4989  6.5100
 662 13.7825  6.3506  6.3300
 663 13.8402  5.4972  6.0100
 664 13.9117 -1.5031  5.1500
 665 13.9162 -8.0589  6.1900
 666 13.9411  1.0506  5.9100
 667 13.9970 -3.5497  6.4000
 668 14.0274  1.5444  4.2600
 669 14.0602  7.5464  6.2600
 670 14.0655  4.9008  6.2400
 671 14.0707 -5.3814  6.3900
 672 14.0771  2.2975  6.2800
 673 14.1920  1.3622  6.4300
 674 14.2044  2.4094  5.0100
 675 14.2280  0.8456  5.9100
 676 14.2392 -5.9475  6.3600
 677 14.2481  3.3361  6.4500
 678 14.2669 -6.0006  4.0800
 679 14.2726 -6.6219  6.4400
 680 14.2750 -3.1964  6.1500
 681 14.3002 -7.5425  6.4700
 682 14.3257 -2.2656  5.1400
 683 14.3280  0.3842  6.1900
 684 14.3876  1.2417  6.2700
 685 14.4031  5.8200  5.1000
 686 14.4051  8.0850  6.1900
 687 14.4568 -6.1203  6.1700
 688 14.4700 -2.2281  4.8100
 689 14.4783 -6.9006  5.4200
 690 14.4974  0.8289  5.9400
 691 14.5126  4.7722  6.0200
 692 14.7177 -5.6583  3.8800
 693 14.7532 -1.4178  6.0700
 694 14.7584  0.7172  5.6900
 695 14.7708  1.8928  3.7200
 696 14.8150  0.8478  6.1400
 697 14.8503 -2.2992  4.9400
 698 14.8500  0.2572  6.1800
 699 14.9531 -4.3464  4.4900
 700 14.9592  0.1675  5.5300
 701 14.9813 -4.9892  6.0900
 702 14.9897  4.5678  5.9300
 703 15.0222 -2.7550  5.5200
 704 15.0303  0.1406  5.7100
 705 15.0458 -3.0314  6.6100
 706 15.0483  2.0914  4.4000
 707 15.0684  5.4925  6.5000
 708 15.1279  5.4981  6.1600
 709 15.2474 -5.5028  6.2800
 710 15.2532  4.9394  5.3300
 711 15.2636  0.3722  5.6300
 712 15.3073  0.4614  5.8900
 713 15.3219  1.7653  5.0600
 714 15.3464 -2.4133  6.3500
 715 15.3521 -5.8247  5.5400
 716 15.3506  0.7153  5.3500
 717 15.3955 -1.0225  6.1200
 718 15.4773  1.8422  5.1700
 719 15.5494 -1.1864  5.5100
 720 15.5724 -5.6950  6.5100
 721 15.5846  1.6689  6.5600
 722 15.6094  0.5617  6.5100
 723 15.7338  2.5150  5.8800
 724 15.7378  6.4256  2.6500
 725 15.7565  5.4469  5.5800
 726 15.7610  0.8914  6.3300
 727 15.7682 -1.8044  5.4000
 728 15.7793 -6.1203  6.2400
 729 15.7741  7.3531  4.4300
 730 15.8158 -3.8186  5.5300
 731 15.8270 -3.4303  3.5300
 732 15.8382  2.1964  5.2300
 733 15.8469  4.4778  3.7100
 734 15.8543 -3.0906  5.1100
 735 16.0142  4.4275  5.8300
 736 16.0627  4.9867  6.0800
 737 16.0957 -6.2917  6.5300
 738 16.0999 -6.1394  6.4100
 739 16.0938  8.0961  6.2900
 740 16.1497  3.4544  5.9100
 741 16.1531  6.3789  5.9700
 742 16.1640 -3.4669  5.3700
 743 16.2157 -4.2208  6.2500
 744 16.2209  5.0211  5.4800
 745 16.2391 -3.6944  2.7400
 746 16.2371  5.9019  6.3100
 747 16.2820 -3.9533  6.1800
 748 16.3054 -4.6925  3.2400
 749 16.3679  1.0292  4.8200
 750 16.3775 -2.0797  6.2300
 751 16.4030  6.9481  5.8500
 752 16.4473  2.3475  6.0700
 753 16.4621 -7.5981  5.2300
 754 16.4761  0.6650  5.3900
 755 16.4802 -8.1289  6.4800
 756 16.5083 -7.5150  6.5000
 757 16.5152  1.9839  3.8200
 758 16.5433  5.5211  5.6300
 759 16.6060 -2.3247  5.7500
 760 16.6338 -6.5381  6.0900
 761 16.6764  4.2072  6.9300
 762 16.6774  4.2197  5.7700
 763 16.6865 -1.0006  6.2400
 764 16.6951  1.1811  5.7400
 765 16.7583  1.0203  6.0300
 766 16.7861  2.0644  6.1000
 767 16.7962  5.2467  5.2400
 768 16.8395 -2.6539  6.3200
 769 16.8387  7.2478  5.4900
 770 16.8569  1.2161  5.5100
 771 16.9029 -1.6122  6.2500
 772 16.9099 -6.1539  5.2500
 773 17.0082  6.5836  6.5900
 774 17.0177 -4.2225  4.8200
 775 17.0880  0.7025  6.0100
 776 17.0923  0.8919  5.6400
 777 17.1147 -1.6564  6.3800
 778 17.1371 -1.0794  6.0600
 779 17.1485 -3.8828  6.3600
 780 17.1959  7.8947  6.3300
 781 17.2151  0.3519  6.6500
 782 17.2706  2.1861  6.1700
 783 17.2786 -6.2450  6.0900
 784 17.2755  1.2106  5.8800
 785 17.2769  0.4453  4.7300
 786 17.3147  6.0853  6.5100
 787 17.3332 -5.9172  6.3200
 788 17.3809 -2.3883  6.2900
 789 17.4328 -1.6517  6.4400
 790 17.4439 -5.0867  4.5400
 791 17.4386  7.5956  6.0600
 792 17.4419  4.1403  4.3400
 793 17.4805  0.3306  5.4400
 794 17.4965 -5.9197  6.3700
 795 17.5066 -1.0625  5.3100
 796 17.5226  2.7244  5.5900
 797 17.5583 -5.7447  5.6200
 798 17.6307 -8.1189  4.6200
 799 17.6524  2.0281  6.2600
 800 17.6699 -2.1525  6.1900
 801 17.6923  6.3128  5.9500
 802 17.7297 -7.0794  6.3000
 803 17.7246  4.5672  2.7700
 804 17.7428  2.5794  6.1700
 805 17.7432  2.5789  6.5600
 806 17.7982  2.7072  3.7500
 807 17.8056  3.8042  6.2200
 808 17.8219  1.9611  6.4700
 809 17.8665 -1.2367  6.3500
 810 17.8774 -6.1436  6.2100
 811 17.8765  1.3050  5.9500
 812 17.8873  6.1014  5.7700
 813 17.9384  0.6703  5.8200
 814 17.9466 -4.0819  5.4700
 815 17.9512  0.0664  5.9700
 816 17.9489  6.4878  6.2900
 817 17.9935 -4.8214  5.8700
 818 18.0043  0.6294  6.3700
 819 18.0081 -3.6903  4.6200
 820 18.0044  4.3686  4.6400
 821 18.0108  2.9317  3.9700
 822 18.0147  6.2683  6.3400
 823 18.0292  1.3053  4.4500
 824 18.0462 -5.3586  6.7600
 825 18.0770  1.9192  6.1400
 826 18.0909  2.4994  4.0300
 827 18.1042 -4.7514  5.7700
 828 18.1021  0.4467  6.3400
 829 18.1594  3.9933  5.7300
 830 18.1650  3.1197  5.6900
 831 18.1779  3.3242  5.5100
 832 18.2194 -4.0117  6.5900
 833 18.2661 -3.6175  6.3600
 834 18.2682  2.3778  6.0100
 835 18.2814 -3.0072  6.0000
 836 18.2847  1.0058  6.6300
 837 18.3193  7.2597  5.3900
 838 18.3478  3.3772  4.8600
 839 18.3552 -2.8989  3.2600
 840 18.3579  5.4358  6.1300
 841 18.4010 -3.5833  6.3800
 842 18.4117 -7.0753  6.3100
 843 18.4158 -1.5794  6.1500
 844 18.4191  5.0847  6.7400
 845 18.4274  8.0319  5.6500
 846 18.4535  0.1961  5.2100
 847 18.4640  3.7486  6.0700
 848 18.4663  6.1942  5.7300
 849 18.4947 -1.9853  5.3900
 850 18.5040 -5.7242  6.2800
 851 18.5014  4.0653  6.6900
 852 18.5325 -1.0031  5.9400
 853 18.5353  3.6597  6.4300
 854 18.5564 -5.9114  6.3600
 855 18.6109  6.6719  5.4500
 856 18.6267  0.3094  5.7500
 857 18.6399 -3.1936  6.4900
 858 18.6386 -1.1133  6.6600
 859 18.6668 -7.7906  5.8400
 860 18.6602  5.2642  6.3800
 861 18.6643  7.3583  6.2800
 862 18.7100 -7.0733  6.1500
 863 18.7309 -6.8186  6.3100
 864 18.7472  2.0600  5.0200
 865 18.7579  5.4997  5.8300
 866 18.7746  0.9617  5.9000
 867 18.7863 -4.7478  4.2200
 868 18.7914 -5.7050  5.2000
 869 18.8008  4.2414  6.2100
 870 18.8281 -5.9128  5.9900
 871 18.8270  0.8358  6.2500
 872 18.8389 -7.9075  6.8000
 873 18.8561 -3.3178  6.1000
 874 18.9243  6.6153  5.5700
 875 18.9370  4.2036  4.6200
 876 18.9374  4.2019  4.9800
 877 18.9396 -1.8000  6.2200
 878 18.9404  2.4711  6.1500
 879 18.9510 -5.8461  4.8300
 880 18.9546  2.5353  5.5700
 881 18.9733  6.2403  6.2100
 882 19.0280 -5.7389  4.0200
 883 19.0485 -3.6989  5.4200
 884 19.0589  1.8189  5.8300
 885 19.0696  3.3306  6.7300
 886 19.0734 -5.6850  6.9000
 887 19.0827 -4.0314  5.4200
 888 19.0885 -1.5128  6.5300
 889 19.1041 -4.8825  3.4400
 890 19.1192  0.6417  6.5600
 891 19.1500  6.0733  5.2200
 892 19.1643  0.4281  6.3400
 893 19.2113 -7.9394  5.3400
 894 19.2285  2.2936  5.1500
 895 19.2289  5.5158  6.4900
 896 19.2753  4.8347  5.5900
 897 19.2967  2.0317  6.1900
 898 19.3090  1.0853  5.1000
 899 19.3141  0.3392  6.4100
 900 19.3425 -5.4158  5.0100
 901 19.3432  0.8922  5.4900
 902 19.3726  0.2525  5.8300
 903 19.3846 -7.4003  6.3200
 904 19.4171 -4.8842  6.5200
 905 19.4250  3.1147  3.3600
 906 19.4420  0.3386  4.6600
 907 19.4724  2.9303  5.8500
 908 19.4836  1.9503  5.8000
 909 19.4893 -7.0439  6.6100
 910 19.4883  0.2461  6.2500
 911 19.5029  2.9042  6.0900
 912 19.5111 -2.7889  5.0300
 913 19.5092  3.4444  6.0500
 914 19.5682  7.3789  4.4500
 915 19.5916 -7.4603  6.3400
 916 19.5903  2.9133  6.3800
 917 19.6149 -7.0275  4.9500
 918 19.6120 -1.2864  4.3600
 919 19.6298 -4.6475  5.4600
 920 19.6469  3.3817  6.3500
 921 19.6532  5.3978  5.1700
 922 19.6787  0.6211  5.6700
 923 19.7645 -2.8833  6.4800
 924 19.7611  7.6133  5.9100
 925 19.8382  7.9025  6.5100
 926 19.8531 -2.4608  6.1300
 927 19.8746  1.0056  3.9000
 928 19.8885 -3.1144  5.6500
 929 19.8896  4.4006  6.5300
 930 19.9124  0.2736  5.6100
 931 19.9112  7.1403  6.1500
 932 19.9221 -6.7342  6.5100
 933 19.9219  6.4067  3.7100
 934 19.9896  1.3778  6.1700
 935 20.0670 -7.4697  6.7200
 936 20.0731  0.7094  5.6800
 937 20.0690  7.2781  5.5200
 938 20.1034 -4.0783  6.4700
 939 20.1338  0.6783  5.9900
 940 20.1884  0.8214  3.2300
 941 20.2098  0.8675  6.2700
 942 20.2205 -1.0094  5.4700
 943 20.3287 -1.0786  6.0600
 944 20.3406 -6.3617  6.6300
 945 20.3863  5.3431  5.3100
 946 20.4104  1.0686  6.1500
 947 20.4285 -2.8003  6.1100
 948 20.4736 -3.3578  6.1300
 949 20.4713  2.9369  6.2100
 950 20.4942 -2.8856  4.9100
 951 20.6121 -2.5500  4.8900
 952 20.6218  0.0969  6.2200
 953 20.6390 -1.1053  4.3200
 954 20.6537 -2.4128  6.2200
 955 20.6569  0.4864  5.1600
 956 20.7843 -2.4867  6.2700
 957 20.7956 -5.0278  4.4200
 958 20.7968  6.0083  5.5800
 959 20.7966  3.3067  6.4000
 960 20.8301  7.8642  6.3300
 961 20.8331  5.5447  6.2100
 962 20.8571 -5.6264  5.9900
 963 20.8691 -5.5069  5.5500
 964 20.8996 -6.8897  6.4400
 965 20.9189 -1.3733  6.5500
 966 20.9280  4.5328  6.0500
 967 20.9384 -3.5614  6.5700
 968 20.9529  0.4636  6.0500
 969 20.9846  4.2936  5.2300
 970 21.0011  7.5164  5.9900
 971 21.0094 -4.7303  6.2100
 972 21.0499  0.9247  6.5000
 973 21.0508  1.5319  6.2500
 974 21.0679 -5.8233  7.3100
 975 21.0680 -5.8231  5.8900
 976 21.0763  5.5028  5.6100
 977 21.0783  2.9419  6.4200
 978 21.0793  2.2697  6.3300
 979 21.0907  5.9583  5.9400
 980 21.1412  6.9894  6.1500
 981 21.1662  2.9433  6.4500
 982 21.2436  0.0922  6.3800
 983 21.2637  5.2478  3.9200
 984 21.2777 -1.6078  6.4800
 985 21.3031 -4.5194  5.8200
 986 21.3512 -4.5600  5.8700
 987 21.3513  7.3544  5.8200
 988 21.3816  6.8111  5.1600
 989 21.4144 -3.3983  6.3600
 990 21.4214 -3.5567  5.4900
 991 21.4310  0.5344  6.4600
 992 21.4411  1.1033  6.1300
 993 21.5260 -5.5711  2.9100
 994 21.5882 -3.9831  5.7700
 995 21.6261  0.3903  6.2500
 996 21.6292 -7.8542  4.6900
 997 21.6288  6.6183  6.1800
 998 21.6422  5.7717  5.6700
 999 21.6593  2.2436  5.1000
1000 21.7028  1.2853  5.6700
1001 21.7043  5.6800  5.3000
1002 21.7872  2.6861  5.6400
1003 21.7939 -5.9172  6.1700
1004 21.8994  6.8644  6.1500
1005 21.9029 -4.2761  5.7100
1006 21.9100 -3.3011  6.2000
1007 21.9704 -5.4247  6.3300
1008 21.9819 -4.3731  6.2200
1009 22.0022  6.7175  6.0000
1010 22.0181  0.6050  5.5800
1011 22.0546 -6.5225  5.5400
1012 22.0553 -2.1553  4.6900
1013 22.0798  0.9067  5.3000
1014 22.0947  5.0586  4.8400
1015 22.0964  0.3197  2.9600
1016 22.1700  6.1978  3.5300
1017 22.1725 -3.8942  6.2700
1018 22.1761 -4.2672  6.0100
1019 22.2122 -4.7208  6.3900
1020 22.2760 -1.5964  6.1500
1021 22.2806 -7.7833  4.1600
1022 22.2851 -5.3872  5.7500
1023 22.3012  0.2378  6.3900
1024 22.3366 -7.8211  5.3700
1025 22.3410  5.7894  5.3700
1026 22.3609 -1.3872  3.8400
1027 22.3923 -7.1944  5.9300
1028 22.4019 -4.8369  5.7800
1029 22.4213  1.3775  4.6600
1030 22.4437  4.3936  5.7500
1031 22.4643  4.6956  4.7900
1032 22.4805  0.0203  4.5900
1033 22.4806  0.0200  4.4200
1034 22.4994  4.4317  5.4800
1035 22.5218 -2.9111  6.1600
1036 22.5218 -6.5550  6.1400
1037 22.5675 -1.5742  5.8900
1038 22.5893  0.1175  4.0200
1039 22.6293 -4.2281  5.0300
1040 22.6395 -7.8978  6.2300
1041 22.6800 -3.5542  6.3100
1042 22.7206 -6.9628  6.4100
1043 22.8769 -7.5797  3.7400
1044 22.9095 -7.2047  6.1900
1045 22.9165  1.0647  6.1100
1046 22.9197 -4.9878  5.7200
1047 22.9548 -4.8100  6.3100
1048 22.9591  3.8103  6.2800
1049 22.9710 -2.3953  6.1600
1050 22.9732 -1.4103  6.3700
1051 22.9785  7.3397  6.3300
1052 22.9909  0.9628  5.4300
1053 23.0105  0.1858  6.2100
1054 23.0119  3.0117  5.8300
1055 23.0232 -7.0611  6.2100
1056 23.0255 -4.7114  5.9400
1057 23.0424 -6.5742  6.1500
1058 23.0659 -4.7953  6.6800
1059 23.0646  3.8200  4.5300
1060 23.0669  6.6167  6.4100
1061 23.0861 -7.6936  5.4300
1062 23.0882  1.3069  6.3900
1063 23.1447  2.1278  5.4000
1064 23.2387 -6.0489  4.2200
1065 23.2595 -3.4964  5.5500
1066 23.2808 -7.7267  5.0600
1067 23.2861  3.2822  3.6900
1068 23.3233 -5.1244  5.5500
1069 23.3391  5.3814  5.0500
1070 23.3447 -5.9081  6.1700
1071 23.3922  0.2914  6.3100
1072 23.4489  1.2556  4.9400
1073 23.4541  1.1225  6.2500
1074 23.4661  6.3789  4.2800
1075 23.4923 -4.5328  6.2500
1076 23.5170 -6.2883  6.3900
1077 23.5254 -4.0872  6.4900
1078 23.5327 -1.0858  6.3800
1079 23.5692 -1.2475  5.8700
1080 23.5922 -7.4644  6.3900
1081 23.6065  2.1022  5.6800
1082 23.6658  5.6264  4.1300
1083 23.6991  7.2506  5.8900
1084 23.7008  1.7800  4.5000
1085 23.7732  3.4867  5.0400
1086 23.7990 -2.7617  5.4900
1087 23.8090 -6.3806  6.0700
1088 23.8137  2.2142  6.4600
1089 23.8243  1.0761  5.7700
1090 23.8661  2.9303  5.5500
1091 23.8821 -3.1556  5.9300
1092 23.8847  2.0906  6.2800
1093 23.9129  0.1092  5.6100
1094 23.9188  7.0711  6.2100
1095 23.9779 -3.5561  4.8600
1096 23.9885  6.8633  4.0100
1097  0.0304 -3.0275  5.1000
1098  0.0327 -6.0142  4.4100